1272299
1262464
1237744
1269108
1237613
1232615
1232611
1232626
1268506
1232687
1268154
1237742
1268493
1268511
1237578
1268504
1268528
1237611
1232602
1237653
1268223
1268225
1232608
1268173
1268190
1268687
1268216
1268220
1268185
1232606
1237733
1232705
1268502
1268500
1269060
1237576
1268171
1237651
1237710
1237708
1237649
1237647
1237629
1237627
1237625
1268683
1268149
1268349
1268347
1317609
1268144
1237706
1237615
1232600
1232598
1268139
1268197
1237609
1237712
1232656
1237574
1268488
1273206
1268491
1232658
1237704
1237607
1268137
1232596
1237623
1237572
1261766
1268541
1237605
1237570
1232647
1268486
1237700
1268498
1237621
1237698
1237696
1237603
1317629
1275756
1237694
1237660
1237676
1232652
1237674
1237619
1237599
1237601
1286137
1232604
1268353
1232654
1268135
1237568
1268514
1237658
1237672
1269058
1268551
1237667
1237597
1232636
1232643
1232641
1232631
1232675
1232710
1232666
1268126
1237617
1317589