1390967
1391081
1387244
1390861
1391066
1391051
1390887
1388858
1391108
1396091
1391105
1391118
1391116
1397747
1397549
1396414
1388843
1388869
1387242
1391016
1391293
1390923
1390921
1391303
1391299
1390857
1388902
1390917
1390919
1391005
1395692
1391141
1388856
1388841
1391301
1390993
1387240
1391297
1390995
1388867
1388862
1390885
1391003
1390859
1390855
1396412
1391024
1391026
1387238
1387246
1387218
1387216
1391305
1391022
1388904
1390950
1390883
1396416
1396420
1391012
1391010
1390898
1390896
1388949
1390865
1390945
1391020
1391028
1390881
1390943
1388839
1388837
1390999
1388835
1388854
1388884
1390867
1391103
1390853
1390879
1387212
1388882
1396409
1388833
1388963
1390877
1388831
1391101
1387210
1390875
1391099
1391097
1391018
1387206
1390871
1390873
1392726
1388961
1391136
1391309
1391139
1388829
1391095
1391014
1388860
1391090
1390869
1391130
1391126
1391120
1388951
1387204
1390985
1390863
1391291